3 28
3 30
3 39
3 54
3 108
3 152
3 178
3 182
3 214
3 271
3 286
3 300
3 348
3 349
3 371
25 3
25 6
25 8
25 19
25 23
25 28
25 29
25 30
25 33
25 35
25 50
25 54
25 55
25 75
25 80
25 86
25 94
25 127
25 152
25 154
25 182
25 192
25 214
25 224
25 226
25 246
25 252
25 255
25 257
25 261
25 271
25 273
25 280
25 282
25 286
25 299
25 300
25 302
25 306
25 308
25 310
25 322
25 325
25 339
25 348
25 349
25 356
25 358
25 363
25 370
25 371
25 373
25 377
25 379
25 407
25 415
25 422
25 428
25 439
25 488
4 8
4 10
4 28
4 30
4 38
4 55
4 56
4 75
4 130
4 140
4 147
4 151
4 152
4 214
4 232
4 243
4 282
4 299
4 341
4 363
4 370
4 415
5 6
5 8
5 10
5 23
5 30
5 33
5 38
5 50
5 54
5 55
5 61
5 75
5 89
5 93
5 127
5 130
5 147
5 153
5 163
5 167
5 168
5 175
5 299
6 3
6 8
6 10
6 19
6 23
6 28
6 29
6 30
6 33
6 34
6 35
6 38
6 39
6 50
6 54
6 55
6 56
6 61
6 80
6 86
6 89
6 93
6 94
6 127
6 130
6 132
6 135
6 140
6 147
6 151
6 153
6 154
6 163
6 167
6 168
6 171
6 175
6 178
6 182
6 183
6 216
6 219
6 226
6 227
6 228
6 232
6 236
6 243
6 250
6 252
6 257
6 258
6 259
6 261
6 271
6 273
6 274
6 280
6 285
6 286
6 290
6 298
6 299
6 300
6 301
6 304
6 306
6 317
6 319
6 322
6 325
6 339
6 348
6 349
6 356
6 358
6 359
6 362
6 363
6 370
6 371
6 373
6 377
6 378
6 379
6 390
6 391
6 392
6 394
6 396
6 402
6 405
6 406
6 407
6 415
6 421
6 422
6 427
6 428
6 431
6 432
6 433
6 435
6 439
6 440
6 447
7 6
7 28
7 30
7 32
7 35
7 38
7 54
7 55
7 61
7 75
7 93
7 105
7 228
7 259
7 271
7 299
8 6
8 10
8 19
8 23
8 28
8 30
8 33
8 34
8 36
8 39
8 49
8 50
8 54
8 55
8 56
8 61
8 75
8 80
8 86
8 89
8 127
8 130
8 132
8 135
8 140
8 144
8 150
8 151
8 152
8 153
8 154
8 163
8 167
8 168
8 175
8 178
8 182
8 183
8 192
8 214
8 216
8 219
8 224
8 226
8 232
8 236
8 243
8 250
8 252
8 255
8 258
8 261
8 271
8 273
8 274
8 280
8 282
8 286
8 299
8 300
8 301
8 308
8 310
8 319
8 322
8 339
8 341
8 348
8 349
8 356
8 358
8 362
8 363
8 370
8 371
8 373
8 377
8 378
8 379
8 389
8 390
8 391
8 392
8 394
8 396
8 402
8 405
8 406
8 415
8 421
8 422
8 427
8 428
8 431
8 432
8 433
8 435
8 439
8 440
8 488
9 8
9 10
9 23
9 28
9 30
9 33
9 34
9 54
9 55
9 56
9 61
9 75
9 80
9 86
9 94
9 130
9 135
9 144
9 151
9 168
9 214
9 226
9 228
9 243
9 250
9 258
9 261
9 271
9 274
9 299
9 325
9 339
9 348
9 356
9 363
9 370
9 377
9 378
9 379
9 390
9 391
9 392
9 394
9 402
9 421
9 422
9 427
9 431
9 439
9 440
10 3
10 6
10 8
10 19
10 23
10 28
10 30
10 33
10 34
10 38
10 50
10 54
10 89
10 93
10 105
10 130
10 132
10 135
10 147
10 153
10 154
10 163
10 168
10 175
10 183
10 214
10 216
10 219
10 246
10 250
10 252
10 255
10 257
10 261
10 271
10 274
10 280
10 286
10 300
10 301
10 306
10 310
10 319
10 405
10 406
10 407
10 432
11 6
11 8
11 10
11 15
11 19
11 23
11 28
11 29
11 30
11 33
11 34
11 35
11 36
11 38
11 49
11 50
11 54
11 55
11 56
11 61
11 72
11 75
11 86
11 89
11 93
11 95
11 105
11 127
11 130
11 132
11 147
11 151
11 153
11 154
11 163
11 168
11 171
11 178
11 183
11 192
11 204
11 214
11 216
11 219
11 224
11 227
11 228
11 230
11 246
11 250
11 252
11 255
11 257
11 259
11 261
11 271
11 274
11 282
11 285
11 286
11 298
11 299
